-0.00982428
-0.00653858
-0.0058399
-0.00880896
-0.0174829
-0.00998233
-0.00705213
-0.00584097
-0.00837294
-0.00782046
-0.00580683
-0.00751459
-0.0119298
0.0439509
-0.0151696
-0.00834585
-0.00605704
-0.00786365
-0.0120199
-0.0072544
-0.00586089
-0.0101209
-0.0185412
-0.0114462
-0.00739057
-0.00637987
-0.0104131
-0.0112699
-0.00732282
-0.00953458
-0.0134959
0.0457156
-0.0140787
-0.00867078
-0.00657203
-0.010772
-0.00628429
-0.00393042
-0.00570279
-0.0042453
0.0253195
-0.0103353
-0.0073833
-0.00476593
-0.00704803
-0.00886576
-0.00627832
-0.00969964
-0.00486929
0.0251663
-0.0111234
-0.0117227
-0.00835603
-0.00860342
-0.0102495
-0.00458087
-0.00742693
-0.00578286
0.0285479
-0.00810414
-0.00729329
-0.00604708
-0.00969687
-0.0102347
-0.00445426
-0.00778412
-0.00389204
0.0281509
-0.00913504
-0.0135709
-0.00975018
-0.0117219
0.00400343
0.00386836
0.000534011
0.0018917
0.0120243
-0.00618284
-0.00166572
0.00123954
0.00438399
0.00570961
0.00280112
-0.00120521
-0.00698219
-0.0124558
-0.00874608
-0.0029568
0.00137497
0.00478599
0.0102895
0.0095861
0.00458785
0.00370058
0.0145542
-0.00502668
-0.00428143
0.00156097
0.00576481
0.0112733
0.0105276
0.00420933
-0.00355697
-0.0123362
-0.0109843
-0.00629804
0.00313452
0.010171
0.00398243
0.00589989
0.00212401
-0.00573345
-0.0102378
-0.00469513
-0.000468044
0.00148729
0.00257036
0.00915578
0.0113624
0.0073375
-0.00304953
-0.0101173
0.000211927
0.00149179
0.0040241
0.0123882
0.00985893
0.00975618
0.00317048
-0.00449766
-0.0135398
-0.00703041
-0.00156719
0.00335461
0.00861719
0.00929707
0.0102029
0.00248107
-0.00619382
-0.0140863
-0.00325241
0.00377663
0.00791077
0.00905609
0.00836565
0.00451546
0.00359503
-0.00303113
-0.00817424
-0.00382816
0.000967486
0.00448393
0.0103738
0.00931142
0.00459332
0.0017168
-0.0011963
-0.00685419
-0.00253969
0.00169369
0.00628783
0.00936867
0.00562709
0.000809
-0.00344153
-0.00815718
-0.0106152
-0.00492467
0.00361184
0.00827677
0.00599576
0.00571349
0.000867825
-0.00355514
-0.0039509
-0.00717273
-0.00523094
0.00383707
0.00522091
0.00375405
0.00360822
0.00348998
0.00113979
0.00152572
-0.00584532
-0.00379314
-0.00206732
0.00154318
0.004003
0.00588078
0.00271871
-0.000838228
-0.00214516
-0.00258046
0.000608754
0.00104397
0.00392404
0.0061464
0.00503686
0.00247139
0.000108794
-0.000319173
-0.00605826
-0.00619532
-0.00148254
-0.000323468
0.00184335
0.00620238
0.00496427
-0.00227184
-0.00506321
-0.00641863
-0.004288
-0.000524333
0.00112085
0.00725249
0.000893536
-0.00144805
-0.00284248
-0.00408142
-0.00425531
-0.000302855
-0.000135404
-0.000335479
0.00146755
0.00425433
0.00129863
0.000168266
-0.00319726
0.00111373
-0.00127067
-0.00381845
-0.000946938
0.00338947
0.00598993
0.000974439
-0.00469652
-0.00516339
-0.00490459
-0.00284388
0.000660582
0.00206908
0.00572099
0.00373036
0.00158576
0.00120116
0.000650923
0.00487135
0.000249029
0.00593274
0.00758256
0.00413372
0.0019336
0.00242772
0.00191391
-0.000388345
-0.000657868
-0.00196155
-0.00242026
-0.00111879
-0.000522264
0.00399636
-0.000892431
-0.000504936
-0.00569759
-0.0103458
-0.00515953
0.00211026
0.00227841
0.00774561
0.00414147
0.00255748
0.0053243
0.000494815
6.51536e-05
-0.00274208
0.00171877
0.00318252
0.00550793
0.00430821
0.00123791
0.00539249
-0.00215287
-0.00574736
-0.00561619
-0.000818431
0.00492846
0.00693065
0.000451871
-0.00295735
0.00065479
-0.00355919
-0.00611317
-0.0028793
0.00518738
0.005847
0.00718099
-0.0080711
-0.00574315
-0.00274414
-0.00250696
0.000198358
0.00138207
0.00295111
0.00428893
-0.00249493
0.00324213
0.00140314
0.00335552
-0.0026942
-0.000549162
-0.0026689
0.000575953
0.00651302
0.00642311
-0.00347488
-0.0034113
-0.00123932
-0.00416393
0.00370044
0.00438228
0.00487828
0.00587595
-0.00126861
-0.00905664
-0.00376553
-0.00270834
0.00307652
0.0060512
0.00723172
0.00219006
0.00240577
-0.00848312
0.00219878
-0.000310377
-0.00231093
-0.00579465
-0.003008
0.00235456
-0.000827417
-0.00303145
0.000439043
-0.00501252
-0.00137129
-0.00145175
0.0015053
0.00698058
0.00999574
0.0049812
0.00507228
-0.00287296
-0.00157318
-0.00175142
-0.00237854
-0.00599343
-7.86592e-05
0.00398188
0.00105754
0.00585974
-0.000937644
0.00232615
-0.000903761
-0.000154638
-0.00197875
-0.00424113
-0.0018232
-0.000466783
-0.00208457
0.00408246
0.00108879
0.000726129
0.00279837
0.000144038
-0.00195227
-0.000917812
-0.000900395
0.000818202
0.00241067
0.00486332
0.00109243
0.000819044
-0.00128885
-0.00265176
0.000184643
0.000812711
0.00424912
0.00776625
0.00532922
0.00286446
0.00238145
0.00180828
-0.0021121
-0.00278923
0.00121817
0.00294137
0.00828455
0.000685862
0.00316826
0.00179152
-2.6378e-05
-0.000447394
0.00103996
-0.000454756
-0.00101105
0.000993437
0.00375223
0.0035867
-0.00203198
-0.00780952
-0.000496867
0.00390011
-0.00250587
-0.00562426
0.00227083
0.00383866
0.00102687
0.00252787
0.00217675
0.00278179
-0.00253342
-0.00101866
0.000681293
0.00249491
-0.00205283
-0.0013764
-0.00247877
-0.00632548
0.000938712
0.000728445
-0.00324224
-0.0056203
-0.00499257
0.0062045
0.00274735
-0.000754707
-0.00973844
-0.00365785
0.00378846
-0.0029528
-0.00548032
0.00391209
0.0124214
0.00586319
0.00198128
-0.00737152
0.00123292
0.00163499
-0.00395359
-0.00215513
0.00847751
-0.00633623
-0.0030613
-0.00442983
-0.011041
-0.00277533
0.00547353
-0.00428509
-0.00588192
-0.00840135
-0.000277007
-0.000204441
-0.00200997
-0.00928997
0.00185177
0.00871743
-0.003956
-0.00147907
0.00317133
0.00932153
0.00344219
0.00349407
-0.00721351
0.0142623
-0.00796175
-0.00504546
-0.00088857
0.00817334
-0.00251776
-0.00350981
-0.0031961
-0.0102213
0.0125049
-0.00941153
-0.00633243
-0.0041812
-0.0037366
0.00314863
0.000273436
0.00193988
-0.00595028
0.0132378
0.000408718
-0.00331281
0.000130284
0.00328843
-0.00950939
-0.00624664
-0.00525544
-0.00955052
0.0134331
-0.00784832
-0.00611852
-0.00721257
-0.00877238
-0.00510195
-0.00654908
-0.0103093
-0.0181541
0.0485525
-0.0146424
-0.00934607
-0.00626906
-0.00558908
-0.00913719
-0.00979278
-0.0118451
-0.0211647
-0.0310756
-0.0170724
-0.00894313
-0.00767173
-0.00895702
-0.0113791
-0.00842298
-0.013218
-0.0171086
0.0487095
-0.0178342
-0.0115489
-0.00899567
-0.010931
-0.0131219
-0.00948516
-0.0122924
-0.0218128
-0.0297765
-0.0216088
-0.0135073
-0.0102763
-0.0114521
-0.00933623
-0.00534012
-0.004734
-0.00848501
-0.0181873
-0.00912158
-0.00527719
-0.00629625
-0.0090264
-0.011094
-0.00597962
-0.00728268
-0.0136735
0.0428948
-0.0112103
-0.00830262
-0.00726737
-0.0104881
-0.0105139
-0.00813421
-0.00631281
-0.00794451
-0.0171459
-0.0108373
-0.0071685
-0.00751994
-0.00944145
-0.00966291
-0.00736877
-0.00716495
-0.0123528
0.0408072
-0.0121748
-0.00810026
-0.00704426
-0.00989907
-0.00874861
-0.00442829
-0.00598414
-0.00858848
0.0243947
-0.0048318
-0.00559892
-0.00517429
-0.00813652
-0.00737778
-0.00369282
-0.00563552
-0.00711567
0.0233162
-0.00601236
-0.00993753
-0.00723282
-0.00766232
-0.00761823
-0.00551505
-0.00600296
-0.0100684
0.0221014
-0.00502103
-0.00531829
-0.00455486
-0.00814789
-0.00480031
-0.00240234
-0.00580594
-0.00940914
0.0218809
-0.00507824
-0.00864139
-0.00507506
-0.00587276
0.00506825
0.00690817
0.00575159
-4.72684e-05
0.0078612
-0.00539589
-0.00234611
0.000950007
0.00202637
0.0074677
0.0068066
0.00314221
-0.00408414
-0.0104007
-0.0116807
-0.00545353
4.63655e-05
0.0053548
0.00621597
0.0105646
0.00716023
-0.000570731
0.00912449
-0.00267883
-1.42143e-05
0.00352052
0.00591673
0.00706311
0.00730393
0.0044766
-0.00479951
-0.00108482
-0.00865357
-0.00421593
0.000550862
0.00710974
0.00774534
0.00621728
0.00350952
-0.00162672
-0.00510895
-0.00600664
-0.000723904
0.00318815
0.00597308
0.00892968
0.00547979
-7.90353e-05
-0.00529797
-0.00928054
-0.00388544
0.00488998
0.00733823
0.00792482
0.00698964
0.00712087
0.00435368
0.0015934
0.000925376
-0.001521
-0.00102418
0.00221241
0.00798704
0.00731579
0.00364326
-0.00150381
-0.0044357
-0.00306809
-0.00207259
-0.000823399
0.00199679
0.00811357
0.00573198
0.00235042
-0.00210184
-0.00711454
-0.00848222
-0.00349902
0.00706191
0.0110079
0.0061283
0.00438
0.00103018
-0.000296177
-0.00305225
-0.00366243
-0.00299267
0.0054864
0.00702257
0.0037828
0.00328163
0.00263886
-0.00174747
-0.00521608
-0.00375411
0.000383619
0.00525983
0.00664745
0.00406387
-0.000666262
0.00097812
-0.00248542
-0.0019731
0.000304137
-0.00260715
0.00193631
0.00540342
0.00032481
0.00290204
0.00043772
-0.000591851
-0.000813732
-0.00274654
-0.00293555
-0.000452674
0.00157853
0.00124719
0.00857423
0.00314699
0.00104531
-0.00369946
-0.00331956
-0.00242029
0.00111886
0.00360514
0.00850296
-0.00367252
-0.00253414
-0.00216768
0.000265132
0.00460122
0.000948792
-0.00376659
-0.000362446
-0.000838233
0.000842905
-0.00498289
-0.00426061
-0.000982416
0.00137445
-0.000253222
-0.00107203
0.00246408
0.00464404
0.00256246
-0.00044373
-0.00276475
-0.00425952
-0.0070074
-0.00446586
0.000634898
0.00248568
0.0024105
0.00520479
0.00190237
0.0026581
0.00498154
0.00066255
5.16676e-05
0.00825552
0.00830774
0.00500416
-0.00187757
-0.00362202
-0.00494932
-0.00458783
-0.00374895
-0.00236961
0.00106259
0.00151979
0.00076728
0.00115895
0.00314685
0.00268979
0.00119152
0.00238864
0.00397584
0.00615114
0.00526252
0.00232559
0.00350491
0.000411967
0.00471782
0.000886068
-0.000654672
-0.00140335
0.00535173
0.00455117
0.00657991
0.00346242
-0.000390866
0.00286936
-0.0029755
-0.00264504
-0.00413328
-0.00141387
0.00287657
0.00648378
0.000181993
0.00312268
0.00444346
0.000555611
0.000604843
0.000339147
0.00255656
0.00143527
0.00150917
0.00228682
0.000687705
0.000799634
-0.00557296
-0.00276491
-0.0055868
0.000648233
0.00175896
0.00607097
0.00477961
-0.000496499
0.00242772
-0.00182591
0.0023214
-0.00308062
-0.00153248
0.00403148
0.00572907
-0.00509054
-0.00502649
-0.000819158
-0.00190461
0.00571454
0.0012264
0.00242931
0.00150027
-0.00350528
0.00222211
-0.00146273
-0.00107271
-0.00338488
0.00122969
-0.00192578
0.00118544
0.00465101
0.00508207
-0.00223429
-0.00113383
-0.000437286
-0.00196466
0.00506752
0.00151627
0.00378228
0.00174226
-0.00153509
-0.00677764
-0.00243862
-0.00160919
-0.00254402
0.00764585
0.0057202
0.00390989
0.00214613
-0.00472939
-0.00437951
-0.000941424
-0.00224875
-0.00570636
-0.00173313
0.00124999
0.00323115
0.0059923
-0.000777781
-0.00254785
0.0026057
-0.00115511
-0.00427128
0.00822382
0.00445054
0.00348878
0.000111747
-0.00371787
0.000693842
0.00583769
-0.0014902
-0.00372629
-0.00113031
-0.000809022
0.00505545
0.00154744
0.000879745
0.00165108
0.000409755
0.000596712
-0.00105692
-0.00369037
-0.00234049
0.00245824
0.00309006
0.00373558
0.0017664
-4.96065e-05
0.00103246
0.00282098
0.000693904
-0.00530481
-0.00098274
0.00106499
0.00482908
0.00219384
0.00542223
-0.000453208
-0.000996949
-0.00197712
-0.000953503
0.00257596
-2.48364e-05
0.00444275
0.000519225
-0.000157594
-0.000456316
-0.000326047
0.00281444
-0.000930331
0.000612533
0.00197217
0.00232531
-0.00160475
-0.000647557
0.00308482
0.00630941
0.00523591
-0.00244465
0.000116971
0.00209434
0.000358674
-0.00793062
-0.00375291
-0.00351166
-0.0039081
0.00132037
-0.0030466
-0.00157019
-0.00257514
-0.00443212
0.00279991
0.000126234
0.000494426
0.00129254
0.00716504
0.00375368
0.00125113
0.00420012
0.00625118
0.000215187
0.00140383
-0.00210639
-0.00586537
0.0017951
-0.00360679
-0.000851984
-0.000889223
0.000205575
-0.00811933
-0.00435913
-0.00656145
-0.00821332
-0.00111121
0.00405899
0.000134364
-0.00120351
-0.00589633
-0.00138809
-0.000610322
-0.00172373
-0.00387813
0.00859123
0.0084828
-0.00044283
0.0010805
0.00379313
0.00197762
0.00228791
-0.00334241
-0.00766716
0.000533287
-0.00434161
-0.00315879
-0.00303905
-0.000356885
0.006755
0.00368865
0.000638809
-0.00178509
0.0104914
0.00010435
-0.000118864
0.00130245
0.00584275
-0.00202362
-0.00275317
0.000101298
-0.00204541
0.014571
-0.00116853
-0.00330506
-0.00174268
0.00124144
-0.0125599
-0.00859513
-0.00548364
-0.00737352
0.0184206
-0.00643541
-0.00664677
-0.00743348
-0.0119343
0.00135789
-0.00153156
-0.00168553
-0.00157473
0.0146366
-0.00365114
-0.00194693
-0.00119221
0.00208478
-0.00810849
-0.00910831
-0.00643966
-0.00923537
0.018994
-0.00795764
-0.00540402
-0.00713805
-0.00900819
-0.0141639
-0.0109544
-0.0129257
-0.0149894
0.0536791
-0.0149925
-0.0118894
-0.0107587
-0.0143338
-0.013669
-0.00942841
-0.0112407
-0.0179027
-0.0274304
-0.0190603
-0.0129293
-0.0103202
-0.0127991
-0.012291
-0.0111737
-0.0105186
-0.0163941
0.0533667
-0.0161083
-0.0106494
-0.0114798
-0.0134477
-0.012488
-0.0109369
-0.0127511
-0.0183382
-0.0269169
-0.0203711
-0.0119887
-0.0111541
-0.0138644
-0.00893725
-0.00553534
-0.00469939
-0.00693596
-0.0154606
-0.00974232
-0.00825952
-0.00692389
-0.00906315
-0.0106016
-0.00528635
-0.00486703
-0.00955895
0.0424884
-0.0101313
-0.00863053
-0.00849264
-0.0123251
-0.00925842
-0.00614948
-0.00548904
-0.00822951
-0.0160803
-0.00993724
-0.00837063
-0.00918981
-0.0105367
-0.00937919
-0.00754531
-0.00591602
-0.00955073
0.0410455
-0.0111269
-0.00907562
-0.0107195
-0.0105437
-0.00698281
-0.00297088
-0.00348285
-0.00707695
0.0224286
-0.00269808
-0.00520699
-0.0048047
-0.00832603
-0.0052915
0.00017714
-0.00591988
-0.00845005
0.0208509
-0.00296906
-0.00656226
-0.00386682
-0.00294145
-0.0111945
-0.0030508
-0.00230885
-0.00314137
0.0241625
-0.00390041
-0.00665392
-0.00702319
-0.0115624
-0.00804577
-0.000199513
-0.003852
-0.00511592
0.0197314
-0.00437909
-0.00676082
-0.00281925
-0.00535909
0.00334173
0.00836494
0.00630254
-0.00270665
0.00799012
-0.00262515
0.000683706
0.00307258
0.00501965
0.00683816
0.00725082
0.00109305
-0.00815935
-0.000898979
-0.00532983
-0.00122337
0.00303179
0.00845098
0.00407671
0.00689993
0.0037807
-0.00202527
0.00678889
-0.00432979
0.00213479
0.00489543
0.0052443
0.00676528
0.00615716
-0.000762015
-0.00733468
-0.0100028
-0.00972448
0.000713569
0.00648826
0.00607182
0.00585079
0.00416659
-0.000315356
-0.0035837
0.000728682
-0.0033009
-0.0016204
0.00323375
0.0104547
0.00709169
0.00198023
-0.00443322
-0.00422003
-4.37461e-05
-0.00375152
-0.00247179
0.0029285
0.0100767
0.00751822
0.00603385
-0.000854106
-0.00565761
-0.00274128
-0.00473661
0.000458365
0.00570299
0.00808664
0.00476851
0.00201436
-0.005045
-0.00667121
-0.00277898
-0.00659068
-0.00173322
0.00433509
0.00812023
0.00468731
-0.000473694
-0.0037055
-0.00414455
-0.00268829
-0.00226807
-0.00112753
0.00230918
0.00586019
0.00425488
-0.00306664
-0.00608429
-0.00312879
0.000614717
-0.00222802
-0.000101482
0.0009485
0.00637275
0.00528146
-0.000725589
-0.00405074
-0.0054773
-0.00463238
-0.00542591
-0.00145649
0.0025697
0.00741574
0.00488905
-0.00210897
-0.00280654
-0.00349653
-0.00326747
-0.00400218
-0.00215342
0.00222202
0.00585331
-7.57344e-06
-0.00521236
-0.00668074
-0.00275252
0.00241947
-0.00225268
-0.00272638
-0.00196815
0.00428162
0.00213809
-0.00522496
-0.00655095
-0.000377183
0.000875499
-0.000285868
-0.00190566
0.000216316
0.00333697
0.000618352
-0.00473793
-0.00323639
-0.00405675
-0.00368684
-0.00416983
-0.00253538
0.000742675
0.00253786
0.00620849
-0.00205763
-0.00260187
-0.00331891
0.00105482
-0.00267769
-0.00197652
0.00372586
0.00605938
0.00154941
-0.00274794
-0.0050639
-0.00556568
-0.0021579
-0.00155018
3.5902e-05
0.00179613
0.00178601
0.00407225
0.00297437
-0.00129368
-0.00348611
-0.000622471
0.000981682
0.00107733
0.00172856
0.00260333
0.00516217
-0.00295617
-0.0031975
-0.00651743
-0.00380266
-0.00461553
-0.00148313
0.00204483
0.0054368
0.00439827
0.00165205
-0.00266163
-0.00662532
-0.00170717
-0.00383038
4.69625e-05
0.00202943
0.00736077
0.00270141
0.00438957
0.00174669
-0.00176085
-0.00216482
-0.000611831
0.00129676
-0.000177519
0.00418562
0.00690793
0.000565489
-0.00107183
-0.00687391
-0.00631102
-0.00613149
-0.000187097
0.00121731
0.00834282
0.00486228
0.0031028
-0.00123664
-0.00521498
-0.00298679
-0.00247313
0.000246333
0.00213422
0.00627689
0.00765055
-0.00112655
-0.00215862
-0.00805754
-0.00579983
-0.00445952
0.000686955
0.00645244
0.00810284
0.00356592
-0.00195092
-0.00371766
-0.00511337
-0.00465422
-0.00332958
-0.000171175
0.00224483
0.00407915
0.00311644
0.00299866
0.000937444
-0.00477868
0.000980997
-0.00153338
0.000569241
-0.000361754
0.00131671
0.00535258
-0.00393798
-0.0034163
-0.00598663
-0.00432314
-0.00284014
0.000502465
0.00365694
0.00678194
0.0055099
0.00228189
0.00196055
-0.00346136
-0.00232126
-0.00444891
0.000847819
0.00289926
0.00511638
0.00261156
0.00323486
-0.000144777
-0.00697887
-0.000677957
-0.0039532
-0.00291325
-0.00377003
0.00241906
0.00619539
0.00160153
-0.0027001
-0.00485994
-0.00596632
-0.00417168
0.000480663
-0.00259546
0.00615945
0.00888295
0.0055273
0.00169778
-0.00674369
-0.00689485
-0.00663935
-0.00191703
-0.000246313
0.00800455
0.00851846
0.00104799
0.000113855
-0.00570104
-0.00857918
-0.00471485
0.00177688
-0.00119563
0.00800806
0.00534085
0.00173561
-0.000930692
-0.00106345
-0.00487389
-0.00193763
0.000984176
-0.00121246
0.00502836
0.00398556
0.00069919
-0.002039
-0.00393641
-0.00230051
-0.0038642
-0.00206782
0.00070901
0.00450688
0.00637403
-0.00140018
0.00239149
-0.00201944
-0.00706748
-0.000467009
0.00410837
-0.000843494
0.00676788
0.00430942
-0.000276509
-0.00138356
-0.00377054
-0.0029246
-0.00290279
0.0021136
1.25769e-06
0.0060335
0.00513551
0.000456622
-0.00108747
-0.00449097
0.00325477
0.00093426
-0.000943658
0.000850907
0.00637896
0.00443591
-0.000435861
-0.00265288
-0.00817414
-0.00637252
-0.00679028
-0.00211144
-0.00248338
0.00290138
0.00867624
0.000857107
-0.00217645
-0.00354942
0.00270189
-0.00274903
0.00106003
0.00350808
0.010478
0.0069341
-0.00460154
-0.00602267
-0.00861772
-0.0089381
-0.00681339
0.00239342
0.00162944
0.00801147
0.00896751
0.00489316
7.43034e-05
-0.00806624
-0.00988805
-0.00957315
-0.00447369
-0.00371936
0.00628581
0.0141206
0.00578055
0.00125193
-0.00494018
0.00287265
-0.00619839
-0.00463572
-0.00127912
0.00996866
0.0125886
-0.000336784
-0.00437143
-0.0107818
-0.0141117
-0.00741833
0.00256195
0.000698616
0.0120988
0.0126959
0.00142412
-0.00447853
-0.00876109
-0.00729356
-0.00889049
-0.00109581
0.00139931
0.00947484
0.00640813
0.00178468
-0.0021321
0.00165634
0.0107515
-0.00715804
-0.00172015
-0.00119974
0.00652724
-0.00214166
-0.00487106
-0.00674428
-0.00484719
0.0162409
-0.0118178
-0.00542048
-0.00617783
-0.00466153
0.00950619
-0.000644532
-0.00382217
-9.36348e-05
0.0100146
-0.010219
-0.00268908
-0.00148335
0.0085381
-0.00788015
-0.0060947
-0.00673716
-0.00369336
0.0139239
-0.0156833
-0.0075709
-0.00836857
-0.0077756
-0.00798192
-0.00841446
-0.00926071
-0.0146863
0.0489236
-0.0138785
-0.00810616
-0.00793812
-0.00774029
-0.0093303
-0.00820516
-0.0105083
-0.0176485
-0.0281454
-0.0181871
-0.00918399
-0.00848053
-0.00959497
-0.0105648
-0.0103926
-0.0118013
-0.0174387
0.0460733
-0.0154003
-0.0105541
-0.0103144
-0.00915779
-0.0106963
-0.00890721
-0.0122566
-0.0198217
-0.0276124
-0.0191833
-0.0105593
-0.0107991
-0.0110989
-0.00867924
-0.00641402
-0.00647913
-0.00927162
-0.014466
-0.00760426
-0.00615266
-0.00696824
-0.00892167
-0.0108716
-0.00726594
-0.00632806
-0.00984304
0.0426091
-0.00907274
-0.00743468
-0.00717698
-0.0112661
-0.0125002
-0.00949185
-0.00978398
-0.0108238
-0.014568
-0.00822163
-0.00647389
-0.00715274
-0.0107461
-0.0121401
-0.00801804
-0.00927589
-0.0119468
0.0375686
-0.0109815
-0.00825978
-0.00652044
-0.0119387
-0.0106182
-0.00382521
-0.00293503
-0.00251082
0.0228353
-0.00310661
-0.00578739
-0.00493071
-0.0106898
-0.00474851
0.000145881
-0.00153529
-0.00239885
0.0165278
-0.00383182
-0.00663258
-0.00103589
-0.00345018
-0.00778048
-0.00454618
-0.00804408
-0.00571873
0.019171
-0.00371162
-0.00617004
-0.0040974
-0.00893849
-0.00286084
-0.00084699
-0.00623325
-0.00558087
0.0165857
-0.00321735
-0.00586833
0.000495566
-0.00241895
0.00449334
0.00636123
0.00359786
-0.000824101
0.00418788
-0.00382925
0.000959819
0.00580602
0.00477812
0.00532055
0.00540143
0.00207999
-0.00350926
-0.00757083
-0.0065793
0.00166314
0.00647069
0.00276228
0.00352491
0.00397132
-0.000402505
-0.00322601
0.000367017
-0.00138507
0.00405286
0.0100288
0.00473328
0.00481358
0.00159348
-0.00156316
-0.00504839
-0.00616658
-0.000521795
0.00611515
0.011384
0.00509655
0.00412955
0.00506127
3.05961e-05
-0.00181695
-0.00711306
-0.00155935
0.00432692
0.00654204
0.00244807
0.00366894
0.00244056
-0.00144455
-0.00524127
-0.00787452
-0.0042371
0.000607081
0.00379322
0.00316169
0.00298896
0.00516122
0.00309779
-0.000384767
-0.00169965
0.00413147
0.00675979
0.00898769
0.0053475
-3.51515e-05
0.00356471
0.000908184
-0.0034366
-0.004748
-0.000410169
0.0023577
0.00367877
0.000528706
0.00443159
0.000449395
-0.00193283
-0.00485414
-0.00760407
-0.00539208
-0.00053377
0.00361896
0.0033838
0.00433331
0.000655911
-0.000219864
-0.00271255
-0.00558211
-0.00378106
0.00012449
0.00397981
0.00552138
0.00303759
0.00183757
0.000685919
-0.00439918
-0.00868359
-0.00555989
-0.00288975
-0.000360265
0.000983481
0.00373359
0.00266464
-0.000164393
-0.00710033
-0.00633993
-0.00428073
0.00145848
0.00371539
0.00553145
0.000685517
-0.00294635
-0.000818042
-0.00546243
-0.00816917
-0.00458338
-0.00197255
0.00236472
0.00202298
0.00439963
-0.00380039
-0.00287417
-0.00369763
-0.00249245
-0.00410872
-0.00101268
0.0030093
0.00434839
0.000972005
0.000192993
-0.000577682
-0.00803358
-0.00883765
-0.00536778
0.000782861
0.00294123
0.0038487
0.00357677
0.000374976
-0.00166293
-0.0030449
-0.00385538
-0.00266661
0.00225879
0.0032688
0.00523857
0.0046727
-0.00344858
-0.00204999
-0.00425225
-0.00428264
-0.00495736
-0.00203009
0.000291122
0.00604009
0.0065757
0.000690985
-0.000807083
-0.00661713
-0.00539517
-0.0035933
-0.00137698
0.00186636
0.00611969
0.00419045
-0.00115886
-0.00280299
-0.00443079
-0.00462246
-0.00472159
0.000441591
6.81706e-05
0.0042464
0.00568536
0.00274121
0.000219435
-0.00461451
-0.0069571
-0.00573397
0.000438633
0.00016157
0.00618674
0.00547868
0.00257143
-8.85464e-06
-0.00442613
-0.00411072
-0.00151496
-0.00110288
0.00230791
0.0045274
0.00616062
0.000199372
3.54091e-05
-0.00510654
-0.00355173
-0.00189186
-0.000503908
0.00542917
0.00647993
0.00434776
0.00530362
0.00161604
-0.00281014
-0.00527406
-0.00235146
-0.00128909
-0.000694019
0.00471953
0.00397374
0.00529132
0.00392692
-0.00195746
-0.00271231
-0.000413724
-0.00132681
0.00132344
0.00321161
0.00464829
-0.001294
-0.00049443
-0.00446773
-0.00451374
-0.00126999
0.00128282
0.00606969
0.00718761
0.00366919
0.00190416
-0.00103064
-0.0057
-0.00863492
-0.00581055
0.000935983
0.00606205
0.00594609
0.00299699
0.00428262
0.00295712
-0.00161878
-0.00285296
-0.00111854
0.00116003
0.00246776
0.00248699
0.000337877
0.000772469
0.00059302
-0.00443334
-0.00647401
-0.00430899
0.00282149
0.00403193
0.00122539
0.00495536
0.00525717
-0.000634052
-0.00467955
-0.00788638
-0.0036318
0.00268987
0.00560036
0.00662901
0.00404472
0.00546685
0.00311468
-0.00250739
-0.00564128
-0.000903281
0.00376124
0.00413027
0.00500959
-0.000686888
0.00221398
0.00114679
-0.00425642
-0.00507848
-0.00172047
0.00446302
0.00554071
0.00182587
-0.00440716
0.00428112
0.00104749
-0.00155546
-0.00273653
-0.000609416
0.00357626
0.0030239
-0.00250144
0.00169828
0.00407382
0.00596354
0.000390311
-0.00268489
0.00421962
0.0069131
0.00434669
0.00398955
-0.00131758
0.00131178
0.00140529
-0.00175177
-0.00132377
0.00144614
0.00538048
0.0058874
0.00102149
-0.00544086
0.00186732
0.00113407
0.000639866
0.000521139
0.0053573
0.00458157
0.00238104
-0.00398275
-0.00753469
-0.00310833
-0.00205998
-0.00244766
0.0010202
0.00351118
0.00568173
0.00251948
-0.00577322
0.00263152
0.000647384
-0.000543849
-0.000655548
-0.00434455
-0.000879201
0.00484933
0.00636224
0.00496754
-0.000650145
-0.00132852
-0.00249109
-0.000915486
-0.00699829
-0.0025224
0.00635702
0.00426458
0.00265004
-0.00548047
-0.00133215
-0.00124458
-0.00112041
-0.00318013
-0.000478997
0.00440817
0.00310015
-0.00321737
0.00193278
0.00236471
0.0044726
0.00227807
-0.00298638
-0.0015085
0.00346303
0.00103962
0.00114356
0.00211874
0.000982701
-0.00195621
-0.0039591
-0.00872834
0.000379589
0.00726946
0.0035778
0.00474725
0.00569754
0.000404935
-0.0039902
-0.00606493
-0.00862344
-0.00421709
0.00138806
0.00201615
0.00500748
0.00281986
0.00124867
0.00214697
-0.00255123
-0.00624692
0.000735304
0.00449712
0.00260674
0.00281029
0.00591608
9.92944e-05
-0.000570489
-0.00578129
-0.00451342
-0.00400539
-4.78426e-05
0.00176292
0.00561269
0.00617968
0.000332188
-0.00101378
0.00133228
0.0113416
-0.00185684
-0.000739775
0.000980473
0.00449413
-0.009017
-0.00601509
-0.00407805
-0.00254886
0.0132537
-0.00878075
-0.00618313
-0.00744535
-0.00847997
0.00688917
0.00105189
0.00117764
0.00354066
0.0119059
-0.000955163
-0.00591302
-0.00176596
0.0070127
-0.00897903
-0.00685041
-0.00573318
-0.00441743
0.0127048
-0.00794873
-0.00934705
-0.00783946
-0.00736384
-0.0098042
-0.00800818
-0.00885772
-0.0134339
0.0495415
-0.013551
-0.00995998
-0.00938214
-0.00892437
-0.0102832
-0.0073758
-0.00986369
-0.0175421
-0.0269696
-0.0186395
-0.00889281
-0.00931524
-0.00991418
-0.0107799
-0.00927731
-0.00935708
-0.0153766
0.048232
-0.0142997
-0.0103518
-0.00823774
-0.00889714
-0.0121494
-0.00852079
-0.00998369
-0.0194584
-0.0277694
-0.018989
-0.0100692
-0.00886117
-0.0106856
-0.0119578
-0.00840739
-0.00885021
-0.011093
-0.0151393
-0.00907288
-0.00644949
-0.00587382
-0.0103097
-0.0102123
-0.00740547
-0.00844576
-0.0121589
0.0445616
-0.0113299
-0.0082616
-0.00671468
-0.00978577
-0.00886289
-0.0068275
-0.00857186
-0.0118332
-0.0175381
-0.0115794
-0.00764859
-0.00773488
-0.0087861
-0.0123242
-0.00799297
-0.0110625
-0.0120227
0.0421242
-0.0117041
-0.0110972
-0.00916912
-0.0122132
-0.00762952
-0.00356765
-0.0056906
-0.00602938
0.0203432
-0.00445368
-0.00453095
-0.00406388
-0.00768619
-0.00106159
-7.78509e-05
-0.00541537
-0.00408676
0.0166941
-0.00193318
-0.00237664
-0.00140735
-0.00342302
-0.0105652
-0.00424485
-0.00577326
-0.00587799
0.0204311
-0.00299065
-0.00542857
-0.00587969
-0.0105238
-0.00527335
-0.00209218
-0.0046533
-0.00291391
0.0185295
-0.00170705
-0.000856925
-0.00314674
-0.0047575
0.00540713
0.00245626
-0.00213059
-0.0042839
-0.0014006
-0.00283824
0.00323181
0.00621211
0.0045329
0.00286451
-5.73167e-05
-0.00246598
-0.00842393
-0.0083649
-0.00389475
0.00372723
0.00621292
0.0045723
0.0050638
0.00410065
0.0010337
-0.00484506
0.000874885
-0.00162007
0.00286787
0.00394559
0.00299814
0.00614823
0.000544122
-0.000749803
-0.00747062
-0.00906914
-0.00315461
0.00578941
0.00582873
0.00529515
0.00292583
0.00415905
0.00220686
-0.00229488
-0.00416687
0.000934825
0.00490482
0.00471416
0.00322935
0.00101265
0.0024672
0.000934876
-0.00567053
-0.0059282
-0.00306504
-0.00103583
-0.00179303
0.00060882
0.00734212
0.00352094
0.00458641
-0.00365748
-0.00371932
0.00100857
0.00879034
0.00526995
0.00556101
0.00285918
0.00260501
0.00224919
-0.00481934
-0.00286265
-0.00198934
0.00120387
-0.000345342
-0.000569371
0.00213557
0.000626772
0.000315514
-0.00498865
-0.00641313
-0.00131369
-0.000896541
-0.000978296
0.00178856
0.00111222
0.000237672
-0.000107416
-0.00514793
-0.00435771
-0.000915733
-0.00017668
0.00178327
0.00471894
0.00235204
0.00240105
0.000487505
-0.00299877
-5.06879e-05
0.0028002
0.00236326
0.0014479
0.000608825
-0.00108227
0.000997911
0.00140466
-0.00168292
5.46032e-05
0.00171376
0.00301887
0.00287233
0.00267679
-0.000451209
0.000421477
0.000435854
-0.00431167
-0.00809308
-0.00306182
0.00190222
0.00246354
0.00119895
0.00118789
0.0018571
0.00174224
-0.00140911
-0.000779239
-1.17453e-05
0.00586504
0.00295621
0.000904607
-0.00132121
0.000621749
0.00132856
-0.000158196
-0.00298712
-0.0031177
0.000701725
0.00188286
0.000467641
0.00202739
0.000846853
0.00240294
0.000362816
0.00197529
0.000897377
0.00680317
0.00683807
0.00378022
0.000823575
-0.00189485
-0.00128964
-0.00380436
-0.00499421
-0.00224503
0.00412231
0.000310572
0.00219758
0.00492957
0.00239879
-5.86445e-05
-0.00408211
-0.00888539
-0.00599905
0.00129802
0.000990536
0.00392857
0.0011375
-0.000664455
0.000859397
-0.000718883
0.000840965
0.000851106
0.00604401
0.00654525
0.0029034
0.00364167
0.00399843
0.00213946
-0.000151687
-0.00059222
-0.00169981
0.00354101
0.00461935
0.00332405
0.00552093
0.00475992
0.00163197
-0.00193832
-0.00590486
-0.00272787
-0.00178635
0.000921716
0.00635422
0.00500588
0.00727244
0.00286597
-0.000578491
-0.00335011
0.000644522
-0.00244855
0.000677435
0.00783574
0.0030374
0.00447907
0.00127242
-0.00178761
-0.00394448
-0.00221098
0.000709148
0.00363032
0.00405474
0.00228687
0.00348768
0.000804915
-0.0021305
-0.00416824
-0.00201002
-0.00122014
0.000614609
0.00253864
0.00206558
0.00780827
0.00501047
0.0011149
-0.00231106
0.000353661
-0.000762897
0.00156082
0.00341691
6.19306e-05
0.00321153
0.00396857
-0.000745778
-0.00312288
0.000765911
0.00330947
0.00243892
0.000268684
0.00138742
0.00526686
0.00390669
-0.00102013
-0.00197645
-0.000335937
-0.000489681
-0.0017188
0.000630959
-0.000129549
0.00325773
0.00376379
-0.00206411
-0.00275133
0.000159188
0.000268736
-0.00337903
-0.00127941
-0.00114017
0.00353966
0.00321038
-0.000266681
-0.00207478
0.00114451
0.00672762
0.00376888
0.000387638
-0.00151672
0.00498097
0.00430781
0.00247216
-0.000966552
0.00157351
0.00595865
0.00351725
-0.00210308
0.000901402
0.002572
0.00175512
-0.00200746
-0.00175272
0.000466555
0.00127927
-0.00183086
0.000682275
0.00081985
0.00466775
0.00397022
-0.00102998
-0.00448444
-0.00252192
0.00117491
-0.000263691
6.67442e-05
-0.00383359
0.00125278
0.00297179
0.00267535
0.00184057
0.00224555
0.00369878
0.0031931
-0.00259292
-0.00424357
-0.0013481
-0.000309825
-0.00221974
-0.00149081
-0.000287859
0.00415991
0.00415266
-0.00207807
0.00507899
0.00416525
0.00308299
-0.00116643
-0.00518579
-0.00502506
0.000955317
0.00324402
0.00585419
0.00662016
0.0035298
0.00352849
-0.00180141
-0.00568222
-0.00557854
0.000181286
0.00356068
0.00757201
-0.00292831
0.000523535
-0.00143687
-0.00472225
-0.0066356
-0.00379564
0.00157766
0.000681286
-0.00209609
0.00412911
0.00656377
0.0038927
-0.000304823
-0.00316798
-0.00164551
0.000795097
0.00147081
0.00161902
0.00644192
0.00697766
0.00271054
-0.00630054
-0.00832425
-0.00646411
-0.00241007
-0.00127782
0.00869533
0.00933088
0.00969306
0.00360892
-0.00462786
-0.00683332
-0.00365926
-0.00416096
-0.00256846
0.0100197
0.00698272
0.00674402
0.00201916
-0.00351956
-0.00800198
-0.00158371
0.000871085
0.00198202
0.00398687
0.00869454
0.00413619
-0.000835247
-0.00808593
-0.00845152
-0.00409863
-0.00194065
-0.000131375
0.00584707
0.0115356
0.0115926
0.000647006
-0.00523928
-0.0102869
-0.00482122
-0.00374162
-0.00159153
0.0110003
0.0126489
0.00706773
-5.2643e-05
-0.00876003
-0.0101686
-0.00568172
-0.00176634
0.000503508
0.0127165
0.00670141
-0.0012646
-0.0045719
-0.00343147
0.0137068
-0.00304634
-0.00690673
-0.00386375
0.00415523
-0.00814126
-0.00716239
-0.0074926
-0.00702939
0.0152641
-0.00756266
-0.00926812
-0.00926758
-0.00832211
0.0097412
0.00248747
-0.00341915
-0.00398843
0.0139992
-0.00181185
0.000706737
1.63255e-05
0.00943445
-0.00481312
-0.00686257
-0.0074359
-0.00768166
0.0156942
-0.00801019
-0.00482598
-0.00752188
-0.00223503
-0.00961234
-0.00900042
-0.00816948
-0.0170301
0.0486113
-0.0131007
-0.00920621
-0.00802464
-0.00877001
-0.0106588
-0.00824646
-0.00954707
-0.0191839
-0.0274928
-0.0158875
-0.00893847
-0.00725345
-0.00918519
-0.00702471
-0.00816157
-0.0085065
-0.0165924
0.0527436
-0.0130152
-0.00863828
-0.0078873
-0.00685514
-0.0107779
-0.00799811
-0.0106922
-0.0204199
-0.0273269
-0.0182844
-0.0101963
-0.00826073
-0.0105304
-0.00924267
-0.0059907
-0.00731542
-0.00975192
-0.0163492
-0.0111523
-0.00847052
-0.00871537
-0.00971801
-0.0121028
-0.00655375
-0.0115375
-0.0126688
0.0434435
-0.0110307
-0.0105983
-0.00889091
-0.0118198
-0.0111946
-0.00624994
-0.00561191
-0.00840098
-0.0174314
-0.0111268
-0.00886604
-0.00814376
-0.0114871
-0.0116482
-0.00709063
-0.00917611
-0.0105843
0.0481704
-0.0129512
-0.0091179
-0.00816836
-0.0113919
-0.00971433
-0.00358723
-0.00673736
-0.00619827
0.0198429
-0.00257496
-0.00412303
-0.00455423
-0.0101671
-0.00158724
-0.00141394
-0.00435564
-0.00415196
0.0129799
0.000161882
-0.00280352
-0.00384485
-0.00353438
-0.00570374
-0.000976023
-0.00455374
-0.00378246
0.0203455
-0.00657674
-0.0041823
-0.00439241
-0.00647636
0.0106811
0.00269872
-0.000874941
-0.00243203
0.0162685
-0.00143186
-0.00208008
-0.000912883
0.00680235
0.00493595
0.00253138
0.000646564
-0.0041392
-0.00248857
-0.00151125
0.00370433
0.00115737
0.00373024
0.00632161
0.000664662
-0.00311602
-0.0102305
-0.0133383
-0.00284684
0.00434102
0.00381137
0.00569295
0.0101944
0.00387645
0.00254334
-0.00181862
-0.00157573
-0.000788305
0.000136973
0.000968276
0.00882536
0.00815322
0.000495519
-0.00181417
-0.00790737
-0.0115087
-0.00456207
0.000903115
0.000408493
0.005148
0.00815444
0.00268466
0.00250778
-0.00433526
-0.00612975
-0.000656595
0.00883902
0.00599343
0.00841468
0.00312195
0.000699821
-0.00121929
-0.00660366
-0.0054361
-0.00413562
0.000359361
0.00110924
0.00237486
0.00976901
-0.000691481
-0.00138586
-0.00476866
-0.00924806
-0.00372463
0.00347271
0.00312605
0.00808994
0.00677722
-0.00241224
-0.00299641
-0.00757615
-0.0109688
-0.0071478
-0.00251516
0.000250783
0.00467226
0.00215133
0.00278515
-0.000820313
-0.00448787
-0.00403474
-0.00132741
-0.000712017
-0.000680852
0.00119677
0.00326097
0.00609898
0.00378537
-0.00346624
-0.00429347
-0.00404511
-0.00119811
-0.000712402
0.00221816
0.00547286
-0.00101068
-0.00161213
-0.00683516
-0.00742706
-0.0052349
-0.00120292
0.000303693
0.00510183
0.00525022
0.00290623
0.001962
-0.00322286
-0.00256584
-0.00427018
0.000578333
0.000303139
0.005977
0.0046527
0.00451733
0.00298835
-0.00437376
-0.00606664
-0.00737325
-0.00359943
-0.000466116
0.00480334
0.00465297
0.00175033
0.0024145
-0.00398102
-0.00294988
-0.00406194
-0.000406989
0.00350173
0.00647981
0.00574469
0.0023149
0.000245403
-0.00394215
-0.00309316
-0.0058922
-0.0020963
0.000613508
0.00606511
0.00485615
0.00277833
0.00113615
-0.0031234
-0.0030165
-0.00502083
-0.00294697
0.00025996
0.00554619
0.00328726
-0.000198916
0.00209214
-0.00175762
-0.000153431
-0.00137274
0.00239004
0.00426171
0.0046842
0.00509596
0.00601226
0.00350344
-0.00137615
-0.00147303
-0.00396163
0.001219
0.00561898
0.00462983
0.00182138
0.000312663
0.00346203
-0.00300834
-0.00323353
-0.00494198
-0.00336731
-0.000366609
0.00482543
0.00447825
0.00305034
0.00376097
-0.0020959
-0.00499947
-0.00597195
-0.00419632
0.00201885
0.00514765
0.00628679
0.00704608
0.00196768
-0.00218106
-0.00488826
-0.00437683
-0.00048925
0.00599115
0.00941341
0.00409737
0.00325605
0.000791112
-0.00350474
-0.00658112
-0.00777086
-0.00105753
0.00153657
0.00714533
0.00718175
0.00344542
0.00135087
-0.00369515
-0.00800491
-0.00443686
-0.00121571
0.00636682
0.00778325
0.0056498
0.00275416
-0.000412767
-0.00721879
-0.00995215
-0.00836977
-0.00181514
0.00306339
0.00467675
0.00693883
0.00265729
0.00204342
-0.00182023
-0.00327863
-0.00421658
-0.000442744
-0.00130787
0.00678944
0.00578219
0.00504796
0.00212944
-0.0055798
-0.00720774
-0.00396419
-0.00100445
-0.00436403
0.00632595
0.00754774
0.00213132
0.00367149
-0.00614977
-0.00580296
-0.00446739
-0.00140761
-8.56541e-05
0.00531926
0.00644147
0.00214669
0.00158335
-0.00723886
-0.00855068
-0.0072369
-0.0032416
-0.00145392
0.00399515
0.0085325
0.00493212
-0.00025634
-0.00520468
-0.00519668
-0.00300816
-0.000108631
-0.0026034
0.00927274
0.00705586
0.00168876
-0.00182698
-0.00577448
-0.00544913
-0.00402724
8.9543e-05
-0.000119242
0.00884121
0.00682769
0.000695931
-0.000899454
-0.00674048
-0.00670598
-0.00673552
-0.00244932
-0.000324948
0.00510834
0.00613811
-0.00289039
-0.00478597
-0.00756963
-0.00675628
-0.00670414
-0.00355041
0.000507209
0.00297228
0.00787678
0.00329554
-0.000937263
-0.00529729
-0.00758092
-0.00528054
-0.000113
0.0021544
0.0114284
0.00937274
0.00541648
0.00214402
-0.00514851
-0.00879071
-0.00688395
-0.000159324
0.00317365
0.0107661
0.00829166
0.00193893
-0.00239252
-0.00724169
-0.00819059
-0.00714274
-0.00355569
-0.00134285
0.00393323
0.00636077
0.0025466
-0.00253953
-0.0101553
-0.0110962
-0.00791413
-0.00279112
-0.000728227
0.00275167
0.00835493
0.00534651
0.00149173
-0.00552104
-0.00881127
-0.00607833
-0.00178226
0.000398474
0.0113348
0.0112445
0.00694406
-0.000788658
-0.00621935
-0.0103432
-0.0068248
-0.0034629
-0.00181573
0.0126451
0.00800602
-0.000737025
-0.00334165
-0.00932722
-0.0111239
-0.00835902
-0.00307102
-0.000198078
0.00315232
0.00943283
-2.33964e-05
-0.00320844
-0.00836166
-0.0135166
-0.0103594
-0.00331887
-0.00131335
0.00596729
0.0147499
0.00834363
-0.00220835
-0.00805928
-0.0140362
-0.00730436
-0.00314779
-0.00284876
0.0134511
0.0167361
0.00921609
-0.00112598
-0.00787312
-0.0102696
-0.00759649
-0.00196698
-0.000530672
0.014793
0.0122603
0.0027662
-0.00434841
-0.0116165
-0.0175873
-0.00885622
-0.00425183
-0.00118224
0.00816608
0.0163999
0.00431534
-0.00358128
-0.00915294
-0.00782573
-0.00710484
-0.00332822
-0.00109145
0.0131069
0.0123686
0.000365736
-0.00163124
-0.000821703
0.0148858
-0.00719518
-0.00282902
-0.00385709
0.00906061
-0.00531079
-0.00594176
-0.0055488
-0.0053442
0.01498
-0.0105665
-0.00609105
-0.00753709
-0.00539612
0.0110383
-0.0024571
-0.00332812
-0.00283941
0.0150854
-0.00411539
-0.00274196
-0.00517991
0.00972733
-0.00834737
-0.00978406
-0.0081867
-0.00774857
0.0147389
-0.00683069
-0.00648099
-0.00886046
-0.0103797
-0.00804768
-0.00647349
-0.00791062
-0.0151107
0.0539521
-0.0133717
-0.00859321
-0.00699849
-0.00805842
-0.0114104
-0.00824155
-0.0100761
-0.0175319
-0.0242424
-0.0161001
-0.0106485
-0.00762729
-0.0114739
-0.0113678
-0.00940824
-0.0117105
-0.016689
0.0518127
-0.01511
-0.0104573
-0.00837903
-0.0116313
-0.0197999
-0.0110559
-0.0130163
-0.0191674
-0.0247163
-0.016714
-0.0111867
-0.00924329
-0.0214297
-0.00797122
-0.00450048
-0.00501036
-0.0072636
-0.0172259
-0.009907
-0.00738106
-0.00567203
-0.00896848
-0.00757822
-0.00575285
-0.00802185
-0.00969926
0.0485808
-0.00965629
-0.00728366
-0.00676223
-0.0084521
-0.00913098
-0.00669943
-0.00870567
-0.0117979
-0.0205924
-0.0104612
-0.00733914
-0.00681746
-0.00877595
-0.0100798
-0.0093004
-0.0120985
-0.0141181
0.0474934
-0.0104623
-0.00789269
-0.00802969
-0.00914294
-0.0057088
-0.00145827
-0.00325835
-0.00224444
0.0269774
-0.00555649
-0.00348851
-0.00254408
-0.00648823
0.000614796
0.0028359
0.000361526
-0.00246827
0.0262889
-0.00148985
-0.00207138
0.00120654
0.000697363
-0.0121995
-0.00665132
-0.00842705
-0.00704308
0.0230023
-0.00425402
-0.00525877
-0.00613428
-0.0114756
-0.0085304
-0.00401455
-0.00744813
-0.00482535
0.023251
-0.00316102
-0.00592374
-0.00491663
-0.00722688
0.0107067
0.00518627
0.00189318
0.00110637
0.00759497
0.00191004
0.000981712
0.00504834
0.00870808
0.00979787
0.00250865
0.000147868
-0.00539089
-0.0112564
-0.0019892
-0.000561351
0.0015374
0.00600485
0.00147987
0.00048232
-0.00216983
-0.00217173
0.00663573
-0.000604346
-0.00214371
-0.00050088
0.00215995
0.0029521
-0.00311075
-0.00485919
-0.00803949
-0.0142155
-0.0046826
-0.00438591
-0.00333556
0.00292752
0.0116176
0.000134351
-0.0010158
-0.00418779
-0.00942748
-0.00373001
-0.00249037
0.00212214
0.00920734
0.00809251
-0.00214983
-0.00239367
-0.00455154
-0.00657344
-0.00529151
-0.000198951
0.00446034
0.00826845
0.00175617
-0.00245625
-0.00292888
-0.00614714
-0.0109847
-0.00465535
-0.00522993
-0.00334398
0.00470563
0.00513054
-0.0016105
-0.00627655
-0.00574132
-0.00446077
-0.00467786
-0.00467223
-0.00378278
0.00554321
0.00570566
-0.00193194
-0.00280129
-0.00561866
-0.00336828
-0.00390152
0.000790505
0.00307993
0.00664592
0.00429225
0.00151294
-0.000449646
-0.00373952
-8.46993e-06
-0.00232568
0.000207567
0.00134365
0.0058672
0.00447534
-0.00131852
-0.00453006
-0.00623977
-0.00209737
-0.00183205
-0.00305782
-0.00227492
0.00273785
0.00147386
0.000265093
-0.00482779
-0.00544125
0.00067854
-0.00272486
-0.00429059
-0.00628412
-0.00119814
0.00611942
0.00264647
-0.00036567
-0.000327386
0.00226981
-0.00145563
0.00180961
0.00309653
0.00746029
0.0041228
0.0041173
0.0007935
0.000546836
0.00355462
-0.000960576
-0.000660886
0.00193122
0.00506801
0.00266007
0.00276492
-0.00430101
-0.00267989
-0.00185076
-0.00326794
-0.00296745
-0.00340311
7.11589e-05
0.00117857
-9.29388e-05
-0.00277877
-0.0022464
-0.00147386
-0.00162454
-0.00515114
-0.00331669
-0.00117445
0.000808429
0.00400593
0.00450057
0.00157824
0.00556268
-0.00170788
-0.00202784
0.00226887
0.00329709
0.00176743
0.00341727
0.00452141
0.00047934
8.40376e-05
-0.00236523
-0.0031578
0.00328119
0.00474618
-0.00213352
0.002903
0.00191807
-9.80972e-06
0.000372028
-0.00304942
-0.00553075
-0.00391517
-0.00165002
-0.00405503
0.00251988
0.000974344
-0.000325873
-0.00170401
-0.00599394
-0.00647411
-0.00270432
-0.00312055
0.00488524
0.00348903
0.00232689
-0.001581
-0.0057232
-0.00133528
-0.000809179
0.0057076
0.00666249
0.00536512
0.00617998
0.00312152
-0.00441611
-0.00777673
-0.00476479
-0.00201951
0.00316069
0.00453148
-0.000841786
0.00202695
-0.000889351
-0.00301268
-0.00371037
-0.00242772
-0.00346892
-0.0016438
0.00106185
0.00220797
0.00270109
0.000548471
-0.00165262
-0.00456391
-0.00190861
-0.00194548
-0.00226016
0.00252006
0.00829745
0.00453523
0.00579963
-0.00165431
-0.00292184
-0.00289828
-0.00201475
0.00156081
0.00341648
0.0063854
0.00237215
0.00251041
-0.00303853
-0.00292723
-0.00262658
-0.00416191
0.00221526
0.00515727
-0.00186428
0.00129429
0.00111093
-0.000720211
0.000840017
-0.000205157
-0.0012253
-0.000922467
-0.000411969
-0.000132045
-0.00188728
-0.00516131
-0.00541224
-0.00522056
0.000244178
-0.00337542
0.000154396
0.00143116
0.00633136
0.00272892
0.000447466
-0.000740999
0.00106892
-0.0015991
-0.0031692
0.0043705
0.00544412
0.00656922
0.00170788
-0.00353475
-0.00422481
-0.00365976
-0.00562226
-0.00325935
0.00338636
0.00253808
0.00231012
-0.00149359
-0.00620088
-0.00241519
-0.00234247
0.000862994
-0.0036052
0.000396274
0.00073012
0.00184757
0.000140061
-0.00545409
-0.00215686
-0.00328729
-0.00358097
-0.0043493
-0.00102835
-0.000984771
0.00756911
0.00624572
0.000219473
-0.00421359
-0.00452374
-0.00497587
-0.00257071
0.00164136
0.00332696
0.00786509
0.00925223
-9.61556e-05
-0.00388699
-0.00345673
-0.00386304
-0.00177025
-4.92114e-05
0.00195905
0.00333893
0.00249183
-0.00232722
-0.00308659
-0.00293038
-0.0039278
-0.00161969
0.00048817
0.0015759
0.00600643
0.00837296
-0.000965861
-0.00465805
-0.00378036
-0.00152957
0.000152108
-0.00026183
0.00378517
0.0096873
0.0079478
-0.00114395
-0.00360738
-0.00402021
-0.00419839
-8.02624e-05
0.00121534
0.00201506
0.010328
0.00696281
0.000418248
-0.00470088
-0.00929382
-0.00615115
0.0011819
0.00285543
0.00473123
0.00509996
0.0108819
-0.000349878
-0.00602992
-0.00542472
-0.00233691
0.00101086
-0.000412781
0.00158225
0.0057035
0.0100664
0.000793902
-0.00664596
-0.00817264
-0.00505699
0.00101222
0.00207633
4.55426e-05
0.0124686
0.0066834
-0.00109298
-0.00558668
-0.0154929
-0.00562947
0.0011528
0.00474876
0.00976838
0.0152734
0.00669047
-0.000583834
-0.00389572
-0.00229283
-0.00312789
0.00346406
0.00816978
0.0133423
0.00693264
0.00647525
-0.00121511
-0.00782026
-0.0147617
-0.00611679
0.000769688
0.00476265
0.00323532
0.0110936
0.00428007
-0.00197597
-0.00811078
-0.000255911
-0.0029012
0.00473743
0.0102601
0.0100437
0.0076806
-0.00103504
-0.003193
-0.00470804
0.0203217
-0.00396991
-0.00197686
-0.00237117
0.00666664
-0.00779247
-0.00695172
-0.00689319
-0.00864934
0.0208115
-0.00636438
-0.00608978
-0.0091687
-0.00952084
0.00669798
-0.000871258
-0.00395187
-0.00882464
0.018727
-0.00466165
-0.00313167
-0.00264376
0.00275185
-0.00872923
-0.00833207
-0.00770122
-0.0124818
0.0160335
-0.00905709
-0.00790687
-0.00957291
-0.0106675
-0.0106243
-0.00892101
-0.0111152
-0.0181716
0.0557862
-0.0132334
-0.00838908
-0.00805865
-0.0109067
-0.0167434
-0.0100616
-0.0107687
-0.0191311
-0.0259068
-0.0147969
-0.00969987
-0.00846462
-0.0173551
-0.011571
-0.00967203
-0.0111599
-0.018032
0.0522739
-0.0127431
-0.00984761
-0.00947748
-0.0104007
-0.0150898
-0.0102601
-0.0127004
-0.0172018
-0.0274701
-0.0159507
-0.0119969
-0.0108236
-0.0135366
-0.94094
